textbox28,textbox76,textbox78,textbox24,district_count,sl_no1,textbox20,textbox26,textbox23,textbox38,textbox29,textbox21,textbox33,textbox8,textbox58,textbox9,textbox10,textbox12,textbox13
29/04/2021,Disease Name--Accidental Injuries-Accidental Injuries,State Name--RAJASTHAN,From Month & Year--  January - 2019  UPTO  December - 2019,33,,Hanumangarh,2012,908,2920,1,0,1,2012,908,2920,1,0,1
29/04/2021,Disease Name--Accidental Injuries-Accidental Injuries,State Name--RAJASTHAN,From Month & Year--  January - 2019  UPTO  December - 2019,33,,Hanumangarh,2012,908,2920,1,0,1,2012,908,2920,1,0,1
29/04/2021,Disease Name--Accidental Injuries-Accidental Injuries,State Name--RAJASTHAN,From Month & Year--  January - 2019  UPTO  December - 2019,33,,Hanumangarh,2012,908,2920,1,0,1,2012,908,2920,1,0,1
29/04/2021,Disease Name--Accidental Injuries-Accidental Injuries,State Name--RAJASTHAN,From Month & Year--  January - 2019  UPTO  December - 2019,33,,Hanumangarh,2012,908,2920,1,0,1,2012,908,2920,1,0,1
29/04/2021,Disease Name--Accidental Injuries-Accidental Injuries,State Name--RAJASTHAN,From Month & Year--  January - 2019  UPTO  December - 2019,33,,Hanumangarh,2012,908,2920,1,0,1,2012,908,2920,1,0,1
29/04/2021,Disease Name--Accidental Injuries-Accidental Injuries,State Name--RAJASTHAN,From Month & Year--  January - 2019  UPTO  December - 2019,33,,Hanumangarh,2012,908,2920,1,0,1,2012,908,2920,1,0,1
29/04/2021,Disease Name--Accidental Injuries-Accidental Injuries,State Name--RAJASTHAN,From Month & Year--  January - 2019  UPTO  December - 2019,33,,Hanumangarh,2012,908,2920,1,0,1,2012,908,2920,1,0,1
29/04/2021,Disease Name--Accidental Injuries-Accidental Injuries,State Name--RAJASTHAN,From Month & Year--  January - 2019  UPTO  December - 2019,33,,Hanumangarh,2012,908,2920,1,0,1,2012,908,2920,1,0,1
29/04/2021,Disease Name--Accidental Injuries-Accidental Injuries,State Name--RAJASTHAN,From Month & Year--  January - 2019  UPTO  December - 2019,33,,Hanumangarh,2012,908,2920,1,0,1,2012,908,2920,1,0,1
29/04/2021,Disease Name--Accidental Injuries-Accidental Injuries,State Name--RAJASTHAN,From Month & Year--  January - 2019  UPTO  December - 2019,33,,Hanumangarh,2012,908,2920,1,0,1,2012,908,2920,1,0,1
29/04/2021,Disease Name--Accidental Injuries-Accidental Injuries,State Name--RAJASTHAN,From Month & Year--  January - 2019  UPTO  December - 2019,33,,Hanumangarh,2012,908,2920,1,0,1,2012,908,2920,1,0,1
29/04/2021,Disease Name--Cancer-Breast Cancer ,State Name--RAJASTHAN,From Month & Year--  January - 2019  UPTO  December - 2019,33,,Hanumangarh,0,10,10,0,0,0,0,10,10,0,0,0
29/04/2021,Disease Name--Cancer-Breast Cancer ,State Name--RAJASTHAN,From Month & Year--  January - 2019  UPTO  December - 2019,33,,Hanumangarh,0,10,10,0,0,0,0,10,10,0,0,0
29/04/2021,Disease Name--Cancer-Lung Cancer ,State Name--RAJASTHAN,From Month & Year--  January - 2019  UPTO  December - 2019,33,,Hanumangarh,161,95,256,2,2,4,161,95,256,2,2,4
29/04/2021,Disease Name--Cancer-Lung Cancer ,State Name--RAJASTHAN,From Month & Year--  January - 2019  UPTO  December - 2019,33,,Hanumangarh,161,95,256,2,2,4,161,95,256,2,2,4
29/04/2021,Disease Name--Cancer-Lung Cancer ,State Name--RAJASTHAN,From Month & Year--  January - 2019  UPTO  December - 2019,33,,Hanumangarh,161,95,256,2,2,4,161,95,256,2,2,4
29/04/2021,Disease Name--Cancer-Lung Cancer ,State Name--RAJASTHAN,From Month & Year--  January - 2019  UPTO  December - 2019,33,,Hanumangarh,161,95,256,2,2,4,161,95,256,2,2,4
29/04/2021,Disease Name--Cancer-Lung Cancer ,State Name--RAJASTHAN,From Month & Year--  January - 2019  UPTO  December - 2019,33,,Hanumangarh,161,95,256,2,2,4,161,95,256,2,2,4
29/04/2021,Disease Name--Cancer-Lung Cancer ,State Name--RAJASTHAN,From Month & Year--  January - 2019  UPTO  December - 2019,33,,Hanumangarh,161,95,256,2,2,4,161,95,256,2,2,4
29/04/2021,Disease Name--Cancer-Lung Cancer ,State Name--RAJASTHAN,From Month & Year--  January - 2019  UPTO  December - 2019,33,,Hanumangarh,161,95,256,2,2,4,161,95,256,2,2,4
29/04/2021,Disease Name--Cancer-Lung Cancer ,State Name--RAJASTHAN,From Month & Year--  January - 2019  UPTO  December - 2019,33,,Hanumangarh,161,95,256,2,2,4,161,95,256,2,2,4
29/04/2021,Disease Name--Cancer-Lung Cancer ,State Name--RAJASTHAN,From Month & Year--  January - 2019  UPTO  December - 2019,33,,Hanumangarh,161,95,256,2,2,4,161,95,256,2,2,4
29/04/2021,Disease Name--Cancer-Lung Cancer ,State Name--RAJASTHAN,From Month & Year--  January - 2019  UPTO  December - 2019,33,,Hanumangarh,161,95,256,2,2,4,161,95,256,2,2,4
29/04/2021,Disease Name--Cancer-Lung Cancer ,State Name--RAJASTHAN,From Month & Year--  January - 2019  UPTO  December - 2019,33,,Hanumangarh,161,95,256,2,2,4,161,95,256,2,2,4
29/04/2021,"Disease Name--Cancer-Oral Cancer (Lip, Oral Cavity and Pharynx) ",State Name--RAJASTHAN,From Month & Year--  January - 2019  UPTO  December - 2019,33,,Hanumangarh,39,29,68,0,1,1,39,29,68,0,1,1
29/04/2021,"Disease Name--Cancer-Oral Cancer (Lip, Oral Cavity and Pharynx) ",State Name--RAJASTHAN,From Month & Year--  January - 2019  UPTO  December - 2019,33,,Hanumangarh,39,29,68,0,1,1,39,29,68,0,1,1
29/04/2021,"Disease Name--Cancer-Oral Cancer (Lip, Oral Cavity and Pharynx) ",State Name--RAJASTHAN,From Month & Year--  January - 2019  UPTO  December - 2019,33,,Hanumangarh,39,29,68,0,1,1,39,29,68,0,1,1
29/04/2021,"Disease Name--Cancer-Oral Cancer (Lip, Oral Cavity and Pharynx) ",State Name--RAJASTHAN,From Month & Year--  January - 2019  UPTO  December - 2019,33,,Hanumangarh,39,29,68,0,1,1,39,29,68,0,1,1
29/04/2021,Disease Name--Cancer-Other  Cancers(excluding 7.1 to 7.4),State Name--RAJASTHAN,From Month & Year--  January - 2019  UPTO  December - 2019,33,,Hanumangarh,335,281,616,3,3,6,335,281,616,3,3,6
29/04/2021,Disease Name--Cancer-Other  Cancers(excluding 7.1 to 7.4),State Name--RAJASTHAN,From Month & Year--  January - 2019  UPTO  December - 2019,33,,Hanumangarh,335,281,616,3,3,6,335,281,616,3,3,6
29/04/2021,Disease Name--Cancer-Other  Cancers(excluding 7.1 to 7.4),State Name--RAJASTHAN,From Month & Year--  January - 2019  UPTO  December - 2019,33,,Hanumangarh,335,281,616,3,3,6,335,281,616,3,3,6
29/04/2021,Disease Name--Cancer-Other  Cancers(excluding 7.1 to 7.4),State Name--RAJASTHAN,From Month & Year--  January - 2019  UPTO  December - 2019,33,,Hanumangarh,335,281,616,3,3,6,335,281,616,3,3,6
29/04/2021,Disease Name--Cancer-Other  Cancers(excluding 7.1 to 7.4),State Name--RAJASTHAN,From Month & Year--  January - 2019  UPTO  December - 2019,33,,Hanumangarh,335,281,616,3,3,6,335,281,616,3,3,6
29/04/2021,Disease Name--Cancer-Other  Cancers(excluding 7.1 to 7.4),State Name--RAJASTHAN,From Month & Year--  January - 2019  UPTO  December - 2019,33,,Hanumangarh,335,281,616,3,3,6,335,281,616,3,3,6
29/04/2021,Disease Name--Cancer-Other  Cancers(excluding 7.1 to 7.4),State Name--RAJASTHAN,From Month & Year--  January - 2019  UPTO  December - 2019,33,,Hanumangarh,335,281,616,3,3,6,335,281,616,3,3,6
29/04/2021,Disease Name--Cancer-Other  Cancers(excluding 7.1 to 7.4),State Name--RAJASTHAN,From Month & Year--  January - 2019  UPTO  December - 2019,33,,Hanumangarh,335,281,616,3,3,6,335,281,616,3,3,6
29/04/2021,Disease Name--Cancer-Other  Cancers(excluding 7.1 to 7.4),State Name--RAJASTHAN,From Month & Year--  January - 2019  UPTO  December - 2019,33,,Hanumangarh,335,281,616,3,3,6,335,281,616,3,3,6
29/04/2021,Disease Name--Cancer-Other  Cancers(excluding 7.1 to 7.4),State Name--RAJASTHAN,From Month & Year--  January - 2019  UPTO  December - 2019,33,,Hanumangarh,335,281,616,3,3,6,335,281,616,3,3,6
29/04/2021,Disease Name--Cardio Vascular Diseases- Hypertension,State Name--RAJASTHAN,From Month & Year--  January - 2019  UPTO  December - 2019,33,,Hanumangarh,20638,17701,38339,1,0,1,20638,17701,38339,1,0,1
29/04/2021,Disease Name--Cardio Vascular Diseases- Hypertension,State Name--RAJASTHAN,From Month & Year--  January - 2019  UPTO  December - 2019,33,,Hanumangarh,20638,17701,38339,1,0,1,20638,17701,38339,1,0,1
29/04/2021,Disease Name--Cardio Vascular Diseases- Hypertension,State Name--RAJASTHAN,From Month & Year--  January - 2019  UPTO  December - 2019,33,,Hanumangarh,20638,17701,38339,1,0,1,20638,17701,38339,1,0,1
29/04/2021,Disease Name--Cardio Vascular Diseases- Hypertension,State Name--RAJASTHAN,From Month & Year--  January - 2019  UPTO  December - 2019,33,,Hanumangarh,20638,17701,38339,1,0,1,20638,17701,38339,1,0,1
29/04/2021,Disease Name--Cardio Vascular Diseases- Hypertension,State Name--RAJASTHAN,From Month & Year--  January - 2019  UPTO  December - 2019,33,,Hanumangarh,20638,17701,38339,1,0,1,20638,17701,38339,1,0,1
29/04/2021,Disease Name--Cardio Vascular Diseases- Hypertension,State Name--RAJASTHAN,From Month & Year--  January - 2019  UPTO  December - 2019,33,,Hanumangarh,20638,17701,38339,1,0,1,20638,17701,38339,1,0,1
29/04/2021,Disease Name--Cardio Vascular Diseases- Hypertension,State Name--RAJASTHAN,From Month & Year--  January - 2019  UPTO  December - 2019,33,,Hanumangarh,20638,17701,38339,1,0,1,20638,17701,38339,1,0,1
29/04/2021,Disease Name--Cardio Vascular Diseases- Hypertension,State Name--RAJASTHAN,From Month & Year--  January - 2019  UPTO  December - 2019,33,,Hanumangarh,20638,17701,38339,1,0,1,20638,17701,38339,1,0,1
29/04/2021,Disease Name--Cardio Vascular Diseases- Hypertension,State Name--RAJASTHAN,From Month & Year--  January - 2019  UPTO  December - 2019,33,,Hanumangarh,20638,17701,38339,1,0,1,20638,17701,38339,1,0,1
29/04/2021,Disease Name--Cardio Vascular Diseases- Hypertension,State Name--RAJASTHAN,From Month & Year--  January - 2019  UPTO  December - 2019,33,,Hanumangarh,20638,17701,38339,1,0,1,20638,17701,38339,1,0,1
29/04/2021,Disease Name--Cardio Vascular Diseases- Hypertension,State Name--RAJASTHAN,From Month & Year--  January - 2019  UPTO  December - 2019,33,,Hanumangarh,20638,17701,38339,1,0,1,20638,17701,38339,1,0,1
29/04/2021,Disease Name--Cardio Vascular Diseases- Hypertension,State Name--RAJASTHAN,From Month & Year--  January - 2019  UPTO  December - 2019,33,,Hanumangarh,20638,17701,38339,1,0,1,20638,17701,38339,1,0,1
29/04/2021,Disease Name--Cardio Vascular Diseases-Ischemic Heart  Diseases,State Name--RAJASTHAN,From Month & Year--  January - 2019  UPTO  December - 2019,33,,Hanumangarh,2933,2551,5484,10,7,17,2933,2551,5484,10,7,17
29/04/2021,Disease Name--Cardio Vascular Diseases-Ischemic Heart  Diseases,State Name--RAJASTHAN,From Month & Year--  January - 2019  UPTO  December - 2019,33,,Hanumangarh,2933,2551,5484,10,7,17,2933,2551,5484,10,7,17
29/04/2021,Disease Name--Cardio Vascular Diseases-Ischemic Heart  Diseases,State Name--RAJASTHAN,From Month & Year--  January - 2019  UPTO  December - 2019,33,,Hanumangarh,2933,2551,5484,10,7,17,2933,2551,5484,10,7,17
29/04/2021,Disease Name--Cardio Vascular Diseases-Ischemic Heart  Diseases,State Name--RAJASTHAN,From Month & Year--  January - 2019  UPTO  December - 2019,33,,Hanumangarh,2933,2551,5484,10,7,17,2933,2551,5484,10,7,17
29/04/2021,Disease Name--Cardio Vascular Diseases-Ischemic Heart  Diseases,State Name--RAJASTHAN,From Month & Year--  January - 2019  UPTO  December - 2019,33,,Hanumangarh,2933,2551,5484,10,7,17,2933,2551,5484,10,7,17
29/04/2021,Disease Name--Cardio Vascular Diseases-Ischemic Heart  Diseases,State Name--RAJASTHAN,From Month & Year--  January - 2019  UPTO  December - 2019,33,,Hanumangarh,2933,2551,5484,10,7,17,2933,2551,5484,10,7,17
29/04/2021,Disease Name--Cardio Vascular Diseases-Ischemic Heart  Diseases,State Name--RAJASTHAN,From Month & Year--  January - 2019  UPTO  December - 2019,33,,Hanumangarh,2933,2551,5484,10,7,17,2933,2551,5484,10,7,17
29/04/2021,Disease Name--Cardio Vascular Diseases-Ischemic Heart  Diseases,State Name--RAJASTHAN,From Month & Year--  January - 2019  UPTO  December - 2019,33,,Hanumangarh,2933,2551,5484,10,7,17,2933,2551,5484,10,7,17
29/04/2021,Disease Name--Cardio Vascular Diseases-Ischemic Heart  Diseases,State Name--RAJASTHAN,From Month & Year--  January - 2019  UPTO  December - 2019,33,,Hanumangarh,2933,2551,5484,10,7,17,2933,2551,5484,10,7,17
29/04/2021,Disease Name--Cardio Vascular Diseases-Ischemic Heart  Diseases,State Name--RAJASTHAN,From Month & Year--  January - 2019  UPTO  December - 2019,33,,Hanumangarh,2933,2551,5484,10,7,17,2933,2551,5484,10,7,17
29/04/2021,Disease Name--Cardio Vascular Diseases-Ischemic Heart  Diseases,State Name--RAJASTHAN,From Month & Year--  January - 2019  UPTO  December - 2019,33,,Hanumangarh,2933,2551,5484,10,7,17,2933,2551,5484,10,7,17
29/04/2021,Disease Name--Cardio Vascular Diseases-Ischemic Heart  Diseases,State Name--RAJASTHAN,From Month & Year--  January - 2019  UPTO  December - 2019,33,,Hanumangarh,2933,2551,5484,10,7,17,2933,2551,5484,10,7,17
29/04/2021,Disease Name--Diabetes Mellitus- Type 1 ,State Name--RAJASTHAN,From Month & Year--  January - 2019  UPTO  December - 2019,33,,Hanumangarh,6740,6303,13043,3,1,4,6740,6303,13043,3,1,4
29/04/2021,Disease Name--Diabetes Mellitus- Type 1 ,State Name--RAJASTHAN,From Month & Year--  January - 2019  UPTO  December - 2019,33,,Hanumangarh,6740,6303,13043,3,1,4,6740,6303,13043,3,1,4
29/04/2021,Disease Name--Diabetes Mellitus- Type 1 ,State Name--RAJASTHAN,From Month & Year--  January - 2019  UPTO  December - 2019,33,,Hanumangarh,6740,6303,13043,3,1,4,6740,6303,13043,3,1,4
29/04/2021,Disease Name--Diabetes Mellitus- Type 1 ,State Name--RAJASTHAN,From Month & Year--  January - 2019  UPTO  December - 2019,33,,Hanumangarh,6740,6303,13043,3,1,4,6740,6303,13043,3,1,4
29/04/2021,Disease Name--Diabetes Mellitus- Type 1 ,State Name--RAJASTHAN,From Month & Year--  January - 2019  UPTO  December - 2019,33,,Hanumangarh,6740,6303,13043,3,1,4,6740,6303,13043,3,1,4
29/04/2021,Disease Name--Diabetes Mellitus- Type 1 ,State Name--RAJASTHAN,From Month & Year--  January - 2019  UPTO  December - 2019,33,,Hanumangarh,6740,6303,13043,3,1,4,6740,6303,13043,3,1,4
29/04/2021,Disease Name--Diabetes Mellitus- Type 1 ,State Name--RAJASTHAN,From Month & Year--  January - 2019  UPTO  December - 2019,33,,Hanumangarh,6740,6303,13043,3,1,4,6740,6303,13043,3,1,4
29/04/2021,Disease Name--Diabetes Mellitus- Type 1 ,State Name--RAJASTHAN,From Month & Year--  January - 2019  UPTO  December - 2019,33,,Hanumangarh,6740,6303,13043,3,1,4,6740,6303,13043,3,1,4
29/04/2021,Disease Name--Diabetes Mellitus- Type 1 ,State Name--RAJASTHAN,From Month & Year--  January - 2019  UPTO  December - 2019,33,,Hanumangarh,6740,6303,13043,3,1,4,6740,6303,13043,3,1,4
29/04/2021,Disease Name--Diabetes Mellitus- Type 1 ,State Name--RAJASTHAN,From Month & Year--  January - 2019  UPTO  December - 2019,33,,Hanumangarh,6740,6303,13043,3,1,4,6740,6303,13043,3,1,4
29/04/2021,Disease Name--Diabetes Mellitus- Type 1 ,State Name--RAJASTHAN,From Month & Year--  January - 2019  UPTO  December - 2019,33,,Hanumangarh,6740,6303,13043,3,1,4,6740,6303,13043,3,1,4
29/04/2021,Disease Name--Diabetes Mellitus- Type 1 ,State Name--RAJASTHAN,From Month & Year--  January - 2019  UPTO  December - 2019,33,,Hanumangarh,6740,6303,13043,3,1,4,6740,6303,13043,3,1,4
29/04/2021,Disease Name--Diabetes Mellitus-Type 2 ,State Name--RAJASTHAN,From Month & Year--  January - 2019  UPTO  December - 2019,33,,Hanumangarh,14274,13132,27406,1,2,3,14274,13132,27406,1,2,3
29/04/2021,Disease Name--Diabetes Mellitus-Type 2 ,State Name--RAJASTHAN,From Month & Year--  January - 2019  UPTO  December - 2019,33,,Hanumangarh,14274,13132,27406,1,2,3,14274,13132,27406,1,2,3
29/04/2021,Disease Name--Diabetes Mellitus-Type 2 ,State Name--RAJASTHAN,From Month & Year--  January - 2019  UPTO  December - 2019,33,,Hanumangarh,14274,13132,27406,1,2,3,14274,13132,27406,1,2,3
29/04/2021,Disease Name--Diabetes Mellitus-Type 2 ,State Name--RAJASTHAN,From Month & Year--  January - 2019  UPTO  December - 2019,33,,Hanumangarh,14274,13132,27406,1,2,3,14274,13132,27406,1,2,3
29/04/2021,Disease Name--Diabetes Mellitus-Type 2 ,State Name--RAJASTHAN,From Month & Year--  January - 2019  UPTO  December - 2019,33,,Hanumangarh,14274,13132,27406,1,2,3,14274,13132,27406,1,2,3
29/04/2021,Disease Name--Diabetes Mellitus-Type 2 ,State Name--RAJASTHAN,From Month & Year--  January - 2019  UPTO  December - 2019,33,,Hanumangarh,14274,13132,27406,1,2,3,14274,13132,27406,1,2,3
29/04/2021,Disease Name--Diabetes Mellitus-Type 2 ,State Name--RAJASTHAN,From Month & Year--  January - 2019  UPTO  December - 2019,33,,Hanumangarh,14274,13132,27406,1,2,3,14274,13132,27406,1,2,3
29/04/2021,Disease Name--Diabetes Mellitus-Type 2 ,State Name--RAJASTHAN,From Month & Year--  January - 2019  UPTO  December - 2019,33,,Hanumangarh,14274,13132,27406,1,2,3,14274,13132,27406,1,2,3
29/04/2021,Disease Name--Diabetes Mellitus-Type 2 ,State Name--RAJASTHAN,From Month & Year--  January - 2019  UPTO  December - 2019,33,,Hanumangarh,14274,13132,27406,1,2,3,14274,13132,27406,1,2,3
29/04/2021,Disease Name--Diabetes Mellitus-Type 2 ,State Name--RAJASTHAN,From Month & Year--  January - 2019  UPTO  December - 2019,33,,Hanumangarh,14274,13132,27406,1,2,3,14274,13132,27406,1,2,3
29/04/2021,Disease Name--Diabetes Mellitus-Type 2 ,State Name--RAJASTHAN,From Month & Year--  January - 2019  UPTO  December - 2019,33,,Hanumangarh,14274,13132,27406,1,2,3,14274,13132,27406,1,2,3
29/04/2021,Disease Name--Lungs Disease-Bronchitis,State Name--RAJASTHAN,From Month & Year--  January - 2019  UPTO  December - 2019,33,,Hanumangarh,11519,10533,22052,2,1,3,11519,10533,22052,2,1,3
29/04/2021,Disease Name--Lungs Disease-Bronchitis,State Name--RAJASTHAN,From Month & Year--  January - 2019  UPTO  December - 2019,33,,Hanumangarh,11519,10533,22052,2,1,3,11519,10533,22052,2,1,3
29/04/2021,Disease Name--Lungs Disease-Bronchitis,State Name--RAJASTHAN,From Month & Year--  January - 2019  UPTO  December - 2019,33,,Hanumangarh,11519,10533,22052,2,1,3,11519,10533,22052,2,1,3
29/04/2021,Disease Name--Lungs Disease-Bronchitis,State Name--RAJASTHAN,From Month & Year--  January - 2019  UPTO  December - 2019,33,,Hanumangarh,11519,10533,22052,2,1,3,11519,10533,22052,2,1,3
29/04/2021,Disease Name--Lungs Disease-Bronchitis,State Name--RAJASTHAN,From Month & Year--  January - 2019  UPTO  December - 2019,33,,Hanumangarh,11519,10533,22052,2,1,3,11519,10533,22052,2,1,3
29/04/2021,Disease Name--Lungs Disease-Bronchitis,State Name--RAJASTHAN,From Month & Year--  January - 2019  UPTO  December - 2019,33,,Hanumangarh,11519,10533,22052,2,1,3,11519,10533,22052,2,1,3
29/04/2021,Disease Name--Lungs Disease-Bronchitis,State Name--RAJASTHAN,From Month & Year--  January - 2019  UPTO  December - 2019,33,,Hanumangarh,11519,10533,22052,2,1,3,11519,10533,22052,2,1,3
29/04/2021,Disease Name--Lungs Disease-Bronchitis,State Name--RAJASTHAN,From Month & Year--  January - 2019  UPTO  December - 2019,33,,Hanumangarh,11519,10533,22052,2,1,3,11519,10533,22052,2,1,3
29/04/2021,Disease Name--Lungs Disease-Bronchitis,State Name--RAJASTHAN,From Month & Year--  January - 2019  UPTO  December - 2019,33,,Hanumangarh,11519,10533,22052,2,1,3,11519,10533,22052,2,1,3
29/04/2021,Disease Name--Lungs Disease-Bronchitis,State Name--RAJASTHAN,From Month & Year--  January - 2019  UPTO  December - 2019,33,,Hanumangarh,11519,10533,22052,2,1,3,11519,10533,22052,2,1,3
29/04/2021,Disease Name--Lungs Disease-Bronchitis,State Name--RAJASTHAN,From Month & Year--  January - 2019  UPTO  December - 2019,33,,Hanumangarh,11519,10533,22052,2,1,3,11519,10533,22052,2,1,3
29/04/2021,Disease Name--Lungs Disease-Emphysemas,State Name--RAJASTHAN,From Month & Year--  January - 2019  UPTO  December - 2019,33,,Hanumangarh,392,224,616,0,0,0,392,224,616,0,0,0
29/04/2021,Disease Name--Lungs Disease-Emphysemas,State Name--RAJASTHAN,From Month & Year--  January - 2019  UPTO  December - 2019,33,,Hanumangarh,392,224,616,0,0,0,392,224,616,0,0,0
29/04/2021,Disease Name--Lungs Disease-Emphysemas,State Name--RAJASTHAN,From Month & Year--  January - 2019  UPTO  December - 2019,33,,Hanumangarh,392,224,616,0,0,0,392,224,616,0,0,0
29/04/2021,Disease Name--Lungs Disease-Emphysemas,State Name--RAJASTHAN,From Month & Year--  January - 2019  UPTO  December - 2019,33,,Hanumangarh,392,224,616,0,0,0,392,224,616,0,0,0
29/04/2021,Disease Name--Lungs Disease-Emphysemas,State Name--RAJASTHAN,From Month & Year--  January - 2019  UPTO  December - 2019,33,,Hanumangarh,392,224,616,0,0,0,392,224,616,0,0,0
29/04/2021,Disease Name--Lungs Disease-Emphysemas,State Name--RAJASTHAN,From Month & Year--  January - 2019  UPTO  December - 2019,33,,Hanumangarh,392,224,616,0,0,0,392,224,616,0,0,0
29/04/2021,Disease Name--Lungs Disease-Emphysemas,State Name--RAJASTHAN,From Month & Year--  January - 2019  UPTO  December - 2019,33,,Hanumangarh,392,224,616,0,0,0,392,224,616,0,0,0
29/04/2021,Disease Name--Lungs Disease-Emphysemas,State Name--RAJASTHAN,From Month & Year--  January - 2019  UPTO  December - 2019,33,,Hanumangarh,392,224,616,0,0,0,392,224,616,0,0,0
29/04/2021,Disease Name--Lungs Disease-Emphysemas,State Name--RAJASTHAN,From Month & Year--  January - 2019  UPTO  December - 2019,33,,Hanumangarh,392,224,616,0,0,0,392,224,616,0,0,0
29/04/2021,Disease Name--Lungs Disease-Emphysemas,State Name--RAJASTHAN,From Month & Year--  January - 2019  UPTO  December - 2019,33,,Hanumangarh,392,224,616,0,0,0,392,224,616,0,0,0
29/04/2021,Disease Name--Lungs Disease-Emphysemas,State Name--RAJASTHAN,From Month & Year--  January - 2019  UPTO  December - 2019,33,,Hanumangarh,392,224,616,0,0,0,392,224,616,0,0,0
29/04/2021,Disease Name--Lungs Disease- Asthma,State Name--RAJASTHAN,From Month & Year--  January - 2019  UPTO  December - 2019,33,,Hanumangarh,7688,6143,13831,17,9,26,7688,6143,13831,17,9,26
29/04/2021,Disease Name--Lungs Disease- Asthma,State Name--RAJASTHAN,From Month & Year--  January - 2019  UPTO  December - 2019,33,,Hanumangarh,7688,6143,13831,17,9,26,7688,6143,13831,17,9,26
29/04/2021,Disease Name--Lungs Disease- Asthma,State Name--RAJASTHAN,From Month & Year--  January - 2019  UPTO  December - 2019,33,,Hanumangarh,7688,6143,13831,17,9,26,7688,6143,13831,17,9,26
29/04/2021,Disease Name--Lungs Disease- Asthma,State Name--RAJASTHAN,From Month & Year--  January - 2019  UPTO  December - 2019,33,,Hanumangarh,7688,6143,13831,17,9,26,7688,6143,13831,17,9,26
29/04/2021,Disease Name--Lungs Disease- Asthma,State Name--RAJASTHAN,From Month & Year--  January - 2019  UPTO  December - 2019,33,,Hanumangarh,7688,6143,13831,17,9,26,7688,6143,13831,17,9,26
29/04/2021,Disease Name--Lungs Disease- Asthma,State Name--RAJASTHAN,From Month & Year--  January - 2019  UPTO  December - 2019,33,,Hanumangarh,7688,6143,13831,17,9,26,7688,6143,13831,17,9,26
29/04/2021,Disease Name--Lungs Disease- Asthma,State Name--RAJASTHAN,From Month & Year--  January - 2019  UPTO  December - 2019,33,,Hanumangarh,7688,6143,13831,17,9,26,7688,6143,13831,17,9,26
29/04/2021,Disease Name--Lungs Disease- Asthma,State Name--RAJASTHAN,From Month & Year--  January - 2019  UPTO  December - 2019,33,,Hanumangarh,7688,6143,13831,17,9,26,7688,6143,13831,17,9,26
29/04/2021,Disease Name--Lungs Disease- Asthma,State Name--RAJASTHAN,From Month & Year--  January - 2019  UPTO  December - 2019,33,,Hanumangarh,7688,6143,13831,17,9,26,7688,6143,13831,17,9,26
29/04/2021,Disease Name--Lungs Disease- Asthma,State Name--RAJASTHAN,From Month & Year--  January - 2019  UPTO  December - 2019,33,,Hanumangarh,7688,6143,13831,17,9,26,7688,6143,13831,17,9,26
29/04/2021,Disease Name--Lungs Disease- Asthma,State Name--RAJASTHAN,From Month & Year--  January - 2019  UPTO  December - 2019,33,,Hanumangarh,7688,6143,13831,17,9,26,7688,6143,13831,17,9,26
29/04/2021,Disease Name--Neurological Disorders-Cerebro Vascular Accident,State Name--RAJASTHAN,From Month & Year--  January - 2019  UPTO  December - 2019,33,,Hanumangarh,434,204,638,3,1,4,434,204,638,3,1,4
29/04/2021,Disease Name--Neurological Disorders-Cerebro Vascular Accident,State Name--RAJASTHAN,From Month & Year--  January - 2019  UPTO  December - 2019,33,,Hanumangarh,434,204,638,3,1,4,434,204,638,3,1,4
29/04/2021,Disease Name--Neurological Disorders-Cerebro Vascular Accident,State Name--RAJASTHAN,From Month & Year--  January - 2019  UPTO  December - 2019,33,,Hanumangarh,434,204,638,3,1,4,434,204,638,3,1,4
29/04/2021,Disease Name--Neurological Disorders-Cerebro Vascular Accident,State Name--RAJASTHAN,From Month & Year--  January - 2019  UPTO  December - 2019,33,,Hanumangarh,434,204,638,3,1,4,434,204,638,3,1,4
29/04/2021,Disease Name--Neurological Disorders-Cerebro Vascular Accident,State Name--RAJASTHAN,From Month & Year--  January - 2019  UPTO  December - 2019,33,,Hanumangarh,434,204,638,3,1,4,434,204,638,3,1,4
29/04/2021,Disease Name--Neurological Disorders-Cerebro Vascular Accident,State Name--RAJASTHAN,From Month & Year--  January - 2019  UPTO  December - 2019,33,,Hanumangarh,434,204,638,3,1,4,434,204,638,3,1,4
29/04/2021,Disease Name--Neurological Disorders-Cerebro Vascular Accident,State Name--RAJASTHAN,From Month & Year--  January - 2019  UPTO  December - 2019,33,,Hanumangarh,434,204,638,3,1,4,434,204,638,3,1,4
29/04/2021,Disease Name--Neurological Disorders-Cerebro Vascular Accident,State Name--RAJASTHAN,From Month & Year--  January - 2019  UPTO  December - 2019,33,,Hanumangarh,434,204,638,3,1,4,434,204,638,3,1,4
29/04/2021,Disease Name--Neurological Disorders-Cerebro Vascular Accident,State Name--RAJASTHAN,From Month & Year--  January - 2019  UPTO  December - 2019,33,,Hanumangarh,434,204,638,3,1,4,434,204,638,3,1,4
29/04/2021,Disease Name--Neurological Disorders-Cerebro Vascular Accident,State Name--RAJASTHAN,From Month & Year--  January - 2019  UPTO  December - 2019,33,,Hanumangarh,434,204,638,3,1,4,434,204,638,3,1,4
29/04/2021,Disease Name--Neurological Disorders-Cerebro Vascular Accident,State Name--RAJASTHAN,From Month & Year--  January - 2019  UPTO  December - 2019,33,,Hanumangarh,434,204,638,3,1,4,434,204,638,3,1,4
29/04/2021,Disease Name--Neurological Disorders-Cerebro Vascular Accident,State Name--RAJASTHAN,From Month & Year--  January - 2019  UPTO  December - 2019,33,,Hanumangarh,434,204,638,3,1,4,434,204,638,3,1,4
29/04/2021,Disease Name--Neurological Disorders-Other Neurological Disorders,State Name--RAJASTHAN,From Month & Year--  January - 2019  UPTO  December - 2019,33,,Hanumangarh,60,79,139,0,0,0,60,79,139,0,0,0
29/04/2021,Disease Name--Neurological Disorders-Other Neurological Disorders,State Name--RAJASTHAN,From Month & Year--  January - 2019  UPTO  December - 2019,33,,Hanumangarh,60,79,139,0,0,0,60,79,139,0,0,0
29/04/2021,Disease Name--Neurological Disorders-Other Neurological Disorders,State Name--RAJASTHAN,From Month & Year--  January - 2019  UPTO  December - 2019,33,,Hanumangarh,60,79,139,0,0,0,60,79,139,0,0,0
29/04/2021,Disease Name--Neurological Disorders-Other Neurological Disorders,State Name--RAJASTHAN,From Month & Year--  January - 2019  UPTO  December - 2019,33,,Hanumangarh,60,79,139,0,0,0,60,79,139,0,0,0
29/04/2021,Disease Name--Neurological Disorders-Other Neurological Disorders,State Name--RAJASTHAN,From Month & Year--  January - 2019  UPTO  December - 2019,33,,Hanumangarh,60,79,139,0,0,0,60,79,139,0,0,0
29/04/2021,Disease Name--Neurological Disorders-Other Neurological Disorders,State Name--RAJASTHAN,From Month & Year--  January - 2019  UPTO  December - 2019,33,,Hanumangarh,60,79,139,0,0,0,60,79,139,0,0,0
29/04/2021,Disease Name--Neurological Disorders-Other Neurological Disorders,State Name--RAJASTHAN,From Month & Year--  January - 2019  UPTO  December - 2019,33,,Hanumangarh,60,79,139,0,0,0,60,79,139,0,0,0
29/04/2021,Disease Name--Neurological Disorders-Other Neurological Disorders,State Name--RAJASTHAN,From Month & Year--  January - 2019  UPTO  December - 2019,33,,Hanumangarh,60,79,139,0,0,0,60,79,139,0,0,0
29/04/2021,Disease Name--Neurological Disorders-Other Neurological Disorders,State Name--RAJASTHAN,From Month & Year--  January - 2019  UPTO  December - 2019,33,,Hanumangarh,60,79,139,0,0,0,60,79,139,0,0,0
29/04/2021,Disease Name--Neurological Disorders-Other Neurological Disorders,State Name--RAJASTHAN,From Month & Year--  January - 2019  UPTO  December - 2019,33,,Hanumangarh,60,79,139,0,0,0,60,79,139,0,0,0
29/04/2021,Disease Name--Neurological Disorders-Other Neurological Disorders,State Name--RAJASTHAN,From Month & Year--  January - 2019  UPTO  December - 2019,33,,Hanumangarh,60,79,139,0,0,0,60,79,139,0,0,0
29/04/2021,Disease Name--Neurological Disorders-Other Neurological Disorders,State Name--RAJASTHAN,From Month & Year--  January - 2019  UPTO  December - 2019,33,,Hanumangarh,60,79,139,0,0,0,60,79,139,0,0,0
29/04/2021,Disease Name--Obesity-Obesity,State Name--RAJASTHAN,From Month & Year--  January - 2019  UPTO  December - 2019,33,,Hanumangarh,812,795,1607,0,0,0,812,795,1607,0,0,0
29/04/2021,Disease Name--Obesity-Obesity,State Name--RAJASTHAN,From Month & Year--  January - 2019  UPTO  December - 2019,33,,Hanumangarh,812,795,1607,0,0,0,812,795,1607,0,0,0
29/04/2021,Disease Name--Obesity-Obesity,State Name--RAJASTHAN,From Month & Year--  January - 2019  UPTO  December - 2019,33,,Hanumangarh,812,795,1607,0,0,0,812,795,1607,0,0,0
29/04/2021,Disease Name--Obesity-Obesity,State Name--RAJASTHAN,From Month & Year--  January - 2019  UPTO  December - 2019,33,,Hanumangarh,812,795,1607,0,0,0,812,795,1607,0,0,0
29/04/2021,Disease Name--Obesity-Obesity,State Name--RAJASTHAN,From Month & Year--  January - 2019  UPTO  December - 2019,33,,Hanumangarh,812,795,1607,0,0,0,812,795,1607,0,0,0
29/04/2021,Disease Name--Obesity-Obesity,State Name--RAJASTHAN,From Month & Year--  January - 2019  UPTO  December - 2019,33,,Hanumangarh,812,795,1607,0,0,0,812,795,1607,0,0,0
29/04/2021,Disease Name--Obesity-Obesity,State Name--RAJASTHAN,From Month & Year--  January - 2019  UPTO  December - 2019,33,,Hanumangarh,812,795,1607,0,0,0,812,795,1607,0,0,0
29/04/2021,Disease Name--Obesity-Obesity,State Name--RAJASTHAN,From Month & Year--  January - 2019  UPTO  December - 2019,33,,Hanumangarh,812,795,1607,0,0,0,812,795,1607,0,0,0
29/04/2021,Disease Name--Obesity-Obesity,State Name--RAJASTHAN,From Month & Year--  January - 2019  UPTO  December - 2019,33,,Hanumangarh,812,795,1607,0,0,0,812,795,1607,0,0,0
29/04/2021,Disease Name--Obesity-Obesity,State Name--RAJASTHAN,From Month & Year--  January - 2019  UPTO  December - 2019,33,,Hanumangarh,812,795,1607,0,0,0,812,795,1607,0,0,0
29/04/2021,Disease Name--Psychiatric Disorder-Common Mental Disorders,State Name--RAJASTHAN,From Month & Year--  January - 2019  UPTO  December - 2019,33,,Hanumangarh,4054,2990,7044,0,0,0,4054,2990,7044,0,0,0
29/04/2021,Disease Name--Psychiatric Disorder-Common Mental Disorders,State Name--RAJASTHAN,From Month & Year--  January - 2019  UPTO  December - 2019,33,,Hanumangarh,4054,2990,7044,0,0,0,4054,2990,7044,0,0,0
29/04/2021,Disease Name--Psychiatric Disorder-Common Mental Disorders,State Name--RAJASTHAN,From Month & Year--  January - 2019  UPTO  December - 2019,33,,Hanumangarh,4054,2990,7044,0,0,0,4054,2990,7044,0,0,0
29/04/2021,Disease Name--Psychiatric Disorder-Common Mental Disorders,State Name--RAJASTHAN,From Month & Year--  January - 2019  UPTO  December - 2019,33,,Hanumangarh,4054,2990,7044,0,0,0,4054,2990,7044,0,0,0
29/04/2021,Disease Name--Psychiatric Disorder-Common Mental Disorders,State Name--RAJASTHAN,From Month & Year--  January - 2019  UPTO  December - 2019,33,,Hanumangarh,4054,2990,7044,0,0,0,4054,2990,7044,0,0,0
29/04/2021,Disease Name--Psychiatric Disorder-Common Mental Disorders,State Name--RAJASTHAN,From Month & Year--  January - 2019  UPTO  December - 2019,33,,Hanumangarh,4054,2990,7044,0,0,0,4054,2990,7044,0,0,0
29/04/2021,Disease Name--Psychiatric Disorder-Common Mental Disorders,State Name--RAJASTHAN,From Month & Year--  January - 2019  UPTO  December - 2019,33,,Hanumangarh,4054,2990,7044,0,0,0,4054,2990,7044,0,0,0
29/04/2021,Disease Name--Psychiatric Disorder-Common Mental Disorders,State Name--RAJASTHAN,From Month & Year--  January - 2019  UPTO  December - 2019,33,,Hanumangarh,4054,2990,7044,0,0,0,4054,2990,7044,0,0,0
29/04/2021,Disease Name--Psychiatric Disorder-Common Mental Disorders,State Name--RAJASTHAN,From Month & Year--  January - 2019  UPTO  December - 2019,33,,Hanumangarh,4054,2990,7044,0,0,0,4054,2990,7044,0,0,0
29/04/2021,Disease Name--Psychiatric Disorder-Common Mental Disorders,State Name--RAJASTHAN,From Month & Year--  January - 2019  UPTO  December - 2019,33,,Hanumangarh,4054,2990,7044,0,0,0,4054,2990,7044,0,0,0
29/04/2021,Disease Name--Psychiatric Disorder-Common Mental Disorders,State Name--RAJASTHAN,From Month & Year--  January - 2019  UPTO  December - 2019,33,,Hanumangarh,4054,2990,7044,0,0,0,4054,2990,7044,0,0,0
29/04/2021,Disease Name--Psychiatric Disorder-Severe Mental Disorders,State Name--RAJASTHAN,From Month & Year--  January - 2019  UPTO  December - 2019,33,,Hanumangarh,54,63,117,0,0,0,54,63,117,0,0,0
29/04/2021,Disease Name--Psychiatric Disorder-Severe Mental Disorders,State Name--RAJASTHAN,From Month & Year--  January - 2019  UPTO  December - 2019,33,,Hanumangarh,54,63,117,0,0,0,54,63,117,0,0,0
29/04/2021,Disease Name--Psychiatric Disorder-Severe Mental Disorders,State Name--RAJASTHAN,From Month & Year--  January - 2019  UPTO  December - 2019,33,,Hanumangarh,54,63,117,0,0,0,54,63,117,0,0,0
29/04/2021,Disease Name--Psychiatric Disorder-Severe Mental Disorders,State Name--RAJASTHAN,From Month & Year--  January - 2019  UPTO  December - 2019,33,,Hanumangarh,54,63,117,0,0,0,54,63,117,0,0,0
29/04/2021,Disease Name--Psychiatric Disorder-Severe Mental Disorders,State Name--RAJASTHAN,From Month & Year--  January - 2019  UPTO  December - 2019,33,,Hanumangarh,54,63,117,0,0,0,54,63,117,0,0,0
29/04/2021,Disease Name--Psychiatric Disorder-Severe Mental Disorders,State Name--RAJASTHAN,From Month & Year--  January - 2019  UPTO  December - 2019,33,,Hanumangarh,54,63,117,0,0,0,54,63,117,0,0,0
29/04/2021,Disease Name--Psychiatric Disorder-Severe Mental Disorders,State Name--RAJASTHAN,From Month & Year--  January - 2019  UPTO  December - 2019,33,,Hanumangarh,54,63,117,0,0,0,54,63,117,0,0,0
29/04/2021,Disease Name--Psychiatric Disorder-Severe Mental Disorders,State Name--RAJASTHAN,From Month & Year--  January - 2019  UPTO  December - 2019,33,,Hanumangarh,54,63,117,0,0,0,54,63,117,0,0,0
29/04/2021,Disease Name--Psychiatric Disorder-Severe Mental Disorders,State Name--RAJASTHAN,From Month & Year--  January - 2019  UPTO  December - 2019,33,,Hanumangarh,54,63,117,0,0,0,54,63,117,0,0,0
29/04/2021,Disease Name--Psychiatric Disorder-Severe Mental Disorders,State Name--RAJASTHAN,From Month & Year--  January - 2019  UPTO  December - 2019,33,,Hanumangarh,54,63,117,0,0,0,54,63,117,0,0,0
29/04/2021,Disease Name--Psychiatric Disorder-Severe Mental Disorders,State Name--RAJASTHAN,From Month & Year--  January - 2019  UPTO  December - 2019,33,,Hanumangarh,54,63,117,0,0,0,54,63,117,0,0,0
29/04/2021,Disease Name--Renal Failure-Acute Renal Failure,State Name--RAJASTHAN,From Month & Year--  January - 2019  UPTO  December - 2019,33,,Hanumangarh,33,28,61,0,0,0,33,28,61,0,0,0
29/04/2021,Disease Name--Renal Failure-Acute Renal Failure,State Name--RAJASTHAN,From Month & Year--  January - 2019  UPTO  December - 2019,33,,Hanumangarh,33,28,61,0,0,0,33,28,61,0,0,0
29/04/2021,Disease Name--Renal Failure-Acute Renal Failure,State Name--RAJASTHAN,From Month & Year--  January - 2019  UPTO  December - 2019,33,,Hanumangarh,33,28,61,0,0,0,33,28,61,0,0,0
29/04/2021,Disease Name--Renal Failure-Acute Renal Failure,State Name--RAJASTHAN,From Month & Year--  January - 2019  UPTO  December - 2019,33,,Hanumangarh,33,28,61,0,0,0,33,28,61,0,0,0
29/04/2021,Disease Name--Renal Failure-Acute Renal Failure,State Name--RAJASTHAN,From Month & Year--  January - 2019  UPTO  December - 2019,33,,Hanumangarh,33,28,61,0,0,0,33,28,61,0,0,0
29/04/2021,Disease Name--Renal Failure-Acute Renal Failure,State Name--RAJASTHAN,From Month & Year--  January - 2019  UPTO  December - 2019,33,,Hanumangarh,33,28,61,0,0,0,33,28,61,0,0,0
29/04/2021,Disease Name--Renal Failure-Acute Renal Failure,State Name--RAJASTHAN,From Month & Year--  January - 2019  UPTO  December - 2019,33,,Hanumangarh,33,28,61,0,0,0,33,28,61,0,0,0
29/04/2021,Disease Name--Renal Failure-Acute Renal Failure,State Name--RAJASTHAN,From Month & Year--  January - 2019  UPTO  December - 2019,33,,Hanumangarh,33,28,61,0,0,0,33,28,61,0,0,0
29/04/2021,Disease Name--Renal Failure-Acute Renal Failure,State Name--RAJASTHAN,From Month & Year--  January - 2019  UPTO  December - 2019,33,,Hanumangarh,33,28,61,0,0,0,33,28,61,0,0,0
29/04/2021,Disease Name--Renal Failure-Acute Renal Failure,State Name--RAJASTHAN,From Month & Year--  January - 2019  UPTO  December - 2019,33,,Hanumangarh,33,28,61,0,0,0,33,28,61,0,0,0
29/04/2021,Disease Name--Renal Failure-Chronic Renal Failure,State Name--RAJASTHAN,From Month & Year--  January - 2019  UPTO  December - 2019,33,,Hanumangarh,276,232,508,2,3,5,276,232,508,2,3,5
29/04/2021,Disease Name--Renal Failure-Chronic Renal Failure,State Name--RAJASTHAN,From Month & Year--  January - 2019  UPTO  December - 2019,33,,Hanumangarh,276,232,508,2,3,5,276,232,508,2,3,5
29/04/2021,Disease Name--Renal Failure-Chronic Renal Failure,State Name--RAJASTHAN,From Month & Year--  January - 2019  UPTO  December - 2019,33,,Hanumangarh,276,232,508,2,3,5,276,232,508,2,3,5
29/04/2021,Disease Name--Renal Failure-Chronic Renal Failure,State Name--RAJASTHAN,From Month & Year--  January - 2019  UPTO  December - 2019,33,,Hanumangarh,276,232,508,2,3,5,276,232,508,2,3,5
29/04/2021,Disease Name--Renal Failure-Chronic Renal Failure,State Name--RAJASTHAN,From Month & Year--  January - 2019  UPTO  December - 2019,33,,Hanumangarh,276,232,508,2,3,5,276,232,508,2,3,5
29/04/2021,Disease Name--Renal Failure-Chronic Renal Failure,State Name--RAJASTHAN,From Month & Year--  January - 2019  UPTO  December - 2019,33,,Hanumangarh,276,232,508,2,3,5,276,232,508,2,3,5
29/04/2021,Disease Name--Renal Failure-Chronic Renal Failure,State Name--RAJASTHAN,From Month & Year--  January - 2019  UPTO  December - 2019,33,,Hanumangarh,276,232,508,2,3,5,276,232,508,2,3,5
29/04/2021,Disease Name--Renal Failure-Chronic Renal Failure,State Name--RAJASTHAN,From Month & Year--  January - 2019  UPTO  December - 2019,33,,Hanumangarh,276,232,508,2,3,5,276,232,508,2,3,5
29/04/2021,Disease Name--Renal Failure-Chronic Renal Failure,State Name--RAJASTHAN,From Month & Year--  January - 2019  UPTO  December - 2019,33,,Hanumangarh,276,232,508,2,3,5,276,232,508,2,3,5
29/04/2021,Disease Name--Renal Failure-Chronic Renal Failure,State Name--RAJASTHAN,From Month & Year--  January - 2019  UPTO  December - 2019,33,,Hanumangarh,276,232,508,2,3,5,276,232,508,2,3,5
29/04/2021,Disease Name--Road Traffic Accidents-Road Traffic Accidents,State Name--RAJASTHAN,From Month & Year--  January - 2019  UPTO  December - 2019,33,,Hanumangarh,1092,493,1585,5,0,5,1092,493,1585,5,0,5
29/04/2021,Disease Name--Road Traffic Accidents-Road Traffic Accidents,State Name--RAJASTHAN,From Month & Year--  January - 2019  UPTO  December - 2019,33,,Hanumangarh,1092,493,1585,5,0,5,1092,493,1585,5,0,5
29/04/2021,Disease Name--Road Traffic Accidents-Road Traffic Accidents,State Name--RAJASTHAN,From Month & Year--  January - 2019  UPTO  December - 2019,33,,Hanumangarh,1092,493,1585,5,0,5,1092,493,1585,5,0,5
29/04/2021,Disease Name--Road Traffic Accidents-Road Traffic Accidents,State Name--RAJASTHAN,From Month & Year--  January - 2019  UPTO  December - 2019,33,,Hanumangarh,1092,493,1585,5,0,5,1092,493,1585,5,0,5
29/04/2021,Disease Name--Road Traffic Accidents-Road Traffic Accidents,State Name--RAJASTHAN,From Month & Year--  January - 2019  UPTO  December - 2019,33,,Hanumangarh,1092,493,1585,5,0,5,1092,493,1585,5,0,5
29/04/2021,Disease Name--Road Traffic Accidents-Road Traffic Accidents,State Name--RAJASTHAN,From Month & Year--  January - 2019  UPTO  December - 2019,33,,Hanumangarh,1092,493,1585,5,0,5,1092,493,1585,5,0,5
29/04/2021,Disease Name--Road Traffic Accidents-Road Traffic Accidents,State Name--RAJASTHAN,From Month & Year--  January - 2019  UPTO  December - 2019,33,,Hanumangarh,1092,493,1585,5,0,5,1092,493,1585,5,0,5
29/04/2021,Disease Name--Road Traffic Accidents-Road Traffic Accidents,State Name--RAJASTHAN,From Month & Year--  January - 2019  UPTO  December - 2019,33,,Hanumangarh,1092,493,1585,5,0,5,1092,493,1585,5,0,5
29/04/2021,Disease Name--Road Traffic Accidents-Road Traffic Accidents,State Name--RAJASTHAN,From Month & Year--  January - 2019  UPTO  December - 2019,33,,Hanumangarh,1092,493,1585,5,0,5,1092,493,1585,5,0,5
29/04/2021,Disease Name--Road Traffic Accidents-Road Traffic Accidents,State Name--RAJASTHAN,From Month & Year--  January - 2019  UPTO  December - 2019,33,,Hanumangarh,1092,493,1585,5,0,5,1092,493,1585,5,0,5
29/04/2021,Disease Name--Snake Bite-Snake Bite,State Name--RAJASTHAN,From Month & Year--  January - 2019  UPTO  December - 2019,33,,Hanumangarh,9,6,15,1,0,1,9,6,15,1,0,1
29/04/2021,Disease Name--Snake Bite-Snake Bite,State Name--RAJASTHAN,From Month & Year--  January - 2019  UPTO  December - 2019,33,,Hanumangarh,9,6,15,1,0,1,9,6,15,1,0,1
29/04/2021,Disease Name--Snake Bite-Snake Bite,State Name--RAJASTHAN,From Month & Year--  January - 2019  UPTO  December - 2019,33,,Hanumangarh,9,6,15,1,0,1,9,6,15,1,0,1
29/04/2021,Disease Name--Snake Bite-Snake Bite,State Name--RAJASTHAN,From Month & Year--  January - 2019  UPTO  December - 2019,33,,Hanumangarh,9,6,15,1,0,1,9,6,15,1,0,1
29/04/2021,Disease Name--Snake Bite-Snake Bite,State Name--RAJASTHAN,From Month & Year--  January - 2019  UPTO  December - 2019,33,,Hanumangarh,9,6,15,1,0,1,9,6,15,1,0,1
29/04/2021,Disease Name--Snake Bite-Snake Bite,State Name--RAJASTHAN,From Month & Year--  January - 2019  UPTO  December - 2019,33,,Hanumangarh,9,6,15,1,0,1,9,6,15,1,0,1
29/04/2021,Disease Name--Snake Bite-Snake Bite,State Name--RAJASTHAN,From Month & Year--  January - 2019  UPTO  December - 2019,33,,Hanumangarh,9,6,15,1,0,1,9,6,15,1,0,1
29/04/2021,Disease Name--Snake Bite-Snake Bite,State Name--RAJASTHAN,From Month & Year--  January - 2019  UPTO  December - 2019,33,,Hanumangarh,9,6,15,1,0,1,9,6,15,1,0,1
29/04/2021,Disease Name--Snake Bite-Snake Bite,State Name--RAJASTHAN,From Month & Year--  January - 2019  UPTO  December - 2019,33,,Hanumangarh,9,6,15,1,0,1,9,6,15,1,0,1
29/04/2021,Disease Name--Snake Bite-Snake Bite,State Name--RAJASTHAN,From Month & Year--  January - 2019  UPTO  December - 2019,33,,Hanumangarh,9,6,15,1,0,1,9,6,15,1,0,1

